40 5
	1.7207    0.7822   -1.5589   -1.4128    0.7588    1
    1.1356    2.6153    1.0409   -1.2841    2.9592    1
    0.0133   -1.1544   -2.0816   -3.0395    0.4763    1
   -1.1996    0.9542    1.1837   -3.4908    1.0780    1
    2.3505   -1.2430   -0.5832   -6.2578   -0.7575    1
    2.2625   -3.7503   -0.4724    1.0914   -1.8294    1
   -3.5238    0.6156   -1.7536   -1.9495   -3.4485    1
   -2.3037    0.0781   -1.6736    0.4420   -2.7425    1
   -0.7366   -1.5234   -1.3459   -0.7884    3.5215    1
    2.9683   -1.0998   -1.8394    1.6757   -2.5965    1
    3.0240    0.8105    3.9103    3.0242    1.3528    2
    2.1365    1.4476    0.8684    2.4016    0.9027    2
    3.3788    4.8332    2.0113    4.0899   -2.4009    2
    1.5524   -1.5689    0.6281    2.3999   -0.5263    2
    1.4525    2.6365    2.0217    0.1148    1.1672    2
    3.2601    5.0936   -2.8781    0.2065    2.6537    2
    1.3665    2.0228   -0.0125   -0.4748    0.3119    2
    2.4833    2.3976    3.1196    2.4772   -0.4285    2
    4.8337    3.9322    2.9561    3.6913   -0.2124    2
    3.2382    6.6154   -0.6618    1.1492    3.5934    2
    4.5547   -2.8293    5.5131    1.9908   -2.0736    3
    4.2871   -2.1281   -1.1945    4.1168    2.0265    3
    5.5608   -1.7640    2.9671    1.6004    4.2252    3
    5.7149   -2.1223   -1.0414    4.6493    0.0592    3
    2.7487   -3.6620    2.0440    4.3267    0.7097    3
    0.5542    0.2071   -1.1887    3.5936   -1.0581    3
    1.0843   -2.9998   -1.4220    0.8857    0.8830    3
    5.8016   -3.8989    0.7091   -0.3001   -0.7638    3
    4.9416   -5.9225    0.3191    1.7995    3.0676    3
    1.2128   -4.5513    1.3887    3.2484    2.5402    3
   -3.5339    3.7299   -4.9933    2.5129    0.6905    4
   -4.5644   -0.7911   -6.1736    1.6878    0.4945    4
   -0.7388    3.5202   -0.7897   -2.4718   -2.7134    4
   -8.3160   -2.5339   -5.8426   -1.0421    3.3278    4
   -3.2955    0.5423   -1.2113    0.8304   -0.2800    4
   -2.6569    3.8564   -5.6220   -0.7583   -2.5323    4
   -3.9090    2.1013   -0.9949    2.1493   -1.9794    4
   -1.3550    0.9896   -1.4497   -2.5185   -2.8914    4
   -5.5659    1.5155   -1.6683    1.0490   -1.8697    4
   -3.8785   -0.8129   -2.7628    1.4490    1.2223    4